1.49740789
0.8113005
1.45441476
2.26609377
0.71661142
0.08461643
0.7107736
0.86310092
0.40238026
2.28966326
0.35710422
1.91960441
0.22578397
0.87027954
0.90863973
0.6269247
0.43919349
0.27455135
0.45256413
0.04807954
0.57823678
0.67855173
0.63918216
0.31507138
1.08794908
2.11635143
1.96035304
1.02291025
0.20136104
0.82041999
1.42555801
0.53214814
0.42957065
0.54991389
0.53249868
0.40229814
0.28409594
1.29743597
0.67591039
0.68712651
0.45174751
0.63301452
0.6388241
0.82057842
1.31517846
1.34659893
1.27370288
0.96989813
1.18088778
0.33984245
0.28833965
1.29393069
0.94872101
0.76893557
1.12514291
0.64524816
0.12246441
0.14768147
1.05740445
0.69982501
0.75779767
3.04932282
3.46490488
1.62874183
0.62051375
1.47268643
1.99319657
0.78418342
2.24909559
1.70174974
0.34823703
2.25096143
0.3117041
0.60124916
0.08397929
1.10650846
0.69416762
0.18877545
0.99755451
0.13486116
2.99846445
0.37919431
0.71888898
0.25325666
0.11801809
1.08850244
0.45743525
0.26004657
1.22588971
1.22448114
0.49800324
1.81670388
0.51818502
0.28110541
0.70040738
0.69667842
0.44369341
0.30021661
0.05283689
0.17758966
